
=== RUNNING SIMULATION No. 1 ===
Vertices: 20
Edges: 172 (density: 86.2155%)
Nodes: (0) (1) (2) (3) (4) (5) (6) (7) (8) (9) (10) (11) (12) (13) (14) (15) (16) (17) (18) (19) 
Graph: 
     0  1  2  3  4  5  6  7  8  9 10 11 12 13 14 15 16 17 18 19
  0  - 17  2  9 24 28 29 14 28 13 23 10 15 23 15 18 11  4 27  5
  1 17  -  9  3  - 14  1  - 27 20 16 24 29  6  - 15 20  1 11  9
  2  2  9  - 21 21 29 13 19 16  1 11  4 12  - 26  5 25 12  5 24
  3  9  3 21  - 11  - 22 22 12 16  - 22  1 12  - 14 15 23 27 28
  4 24  - 21 11  - 25  -  1  1  5  - 24 29  9  4  2  5  - 10 10
  5 28 14 29  - 25  -  1 17 22  7 20  7 22 16 11 22  2 23  1 20
  6 29  1 13 22  -  1  -  - 18  7  -  4 18 11 14  5 24  5 13  -
  7 14  - 19 22  1 17  -  - 27  7  2  5  - 29 16 25  8 19 26 23
  8 28 27 16 12  1 22 18 27  -  3  3 26  9 25 16  7  4 23  7  -
  9 13 20  1 16  5  7  7  7  3  -  - 23  3  3 28 24 12 20 25 25
 10 23 16 11  -  - 20  -  2  3  -  -  - 27 13 25  2  3  4  4 15
 11 10 24  4 22 24  7  4  5 26 23  -  -  1  -  1 20 20 22 19 28
 12 15 29 12  1 29 22 18  -  9  3 27  1  - 23  6  9 28  1  6 13
 13 23  6  - 12  9 16 11 29 25  3 13  - 23  -  5 19 18  4 16 12
 14 15  - 26  -  4 11 14 16 16 28 25  1  6  5  -  6 27 15  1 28
 15 18 15  5 14  2 22  5 25  7 24  2 20  9 19  6  - 23 21 28  2
 16 11 20 25 15  5  2 24  8  4 12  3 20 28 18 27 23  -  9 11 12
 17  4  1 12 23  - 23  5 19 23 20  4 22  1  4 15 21  9  - 20  9
 18 27 11  5 27 10  1 13 26  7 25  4 19  6 16  1 28 11 20  - 11
 19  5  9 24 28 10 20  - 23  - 25 15 28 13 12 28  2 12  9 11  -

Prim MST: (0,2,2) (2,9,1) (9,8,3) (8,4,1) (4,7,1) (4,15,2) (7,10,2) (15,19,2) (9,12,3) (12,3,1) (12,11,1) (12,17,1) (11,14,1) (17,1,1) (14,18,1) (1,6,1) (18,5,1) (5,16,2) (9,13,3) 
Prim MST cost: 30

Kruskal MST: (1,6,1) (1,17,1) (2,9,1) (3,12,1) (4,7,1) (4,8,1) (5,6,1) (5,18,1) (11,12,1) (11,14,1) (12,17,1) (0,2,2) (4,15,2) (5,16,2) (7,10,2) (15,19,2) (8,9,3) (9,12,3) (9,13,3) 
Kruskal MST cost: 30
